l, -14.9965, 0.3125, 0.639583333333333
r, -14.9965, 0.5453125, 0.635416666666667
l, 38.9612, 0.3125, 0.641666666666667
r, 38.9612, 0.5453125, 0.635416666666667
l, 95.611, 0.3125, 0.641666666666667
r, 95.611, 0.5453125, 0.635416666666667
l, 150.6168, 0.3125, 0.641666666666667
r, 150.6168, 0.5453125, 0.635416666666667
l, 204.3936, 0.3125, 0.641666666666667
r, 204.3936, 0.5453125, 0.635416666666667
l, 261.7737, 0.3125, 0.641666666666667
r, 261.7737, 0.5453125, 0.635416666666667
l, 315.7871, 0.3125, 0.641666666666667
r, 315.7871, 0.5515625, 0.635416666666667
l, 369.8951, 0.3125, 0.641666666666667
r, 369.8951, 0.5453125, 0.635416666666667
l, 430.8947, 0.3125, 0.641666666666667
r, 430.8947, 0.5515625, 0.635416666666667
l, 485.182, 0.3140625, 0.641666666666667
r, 485.182, 0.546875, 0.635416666666667
l, 541.5033, 0.3140625, 0.641666666666667
r, 541.5033, 0.553125, 0.635416666666667
l, 592.5078, 0.3140625, 0.641666666666667
r, 592.5078, 0.553125, 0.635416666666667
l, 648.5205, 0.3140625, 0.64375
r, 648.5205, 0.553125, 0.635416666666667
l, 704.2674, 0.315625, 0.64375
r, 704.2674, 0.5546875, 0.6375
l, 767.3894, 0.315625, 0.64375
r, 767.3894, 0.5546875, 0.6375
l, 825.2278, 0.315625, 0.64375
r, 825.2278, 0.5546875, 0.6375
l, 892.8537, 0.315625, 0.645833333333333
r, 892.8537, 0.5546875, 0.6375
l, 951.1664, 0.315625, 0.645833333333333
r, 951.1664, 0.5546875, 0.6375
l, 1008.8753, 0.315625, 0.645833333333333
r, 1008.8753, 0.55, 0.6375
l, 1069.6163, 0.3171875, 0.64375
r, 1069.6163, 0.55625, 0.6375
l, 1122.2212, 0.3171875, 0.645833333333333
r, 1122.2212, 0.55625, 0.6375
l, 1175.2176, 0.3171875, 0.645833333333333
r, 1175.2176, 0.55, 0.6375
l, 1231.0701, 0.3171875, 0.645833333333333
r, 1231.0701, 0.55625, 0.6375
l, 1290.9237, 0.3171875, 0.645833333333333
r, 1290.9237, 0.55625, 0.6375
l, 1347.276, 0.31875, 0.641666666666667
r, 1347.276, 0.5609375, 0.633333333333333
l, 1414.4445, 0.3171875, 0.6375
r, 1414.4445, 0.5609375, 0.63125
l, 1467.4554, 0.3171875, 0.6375
r, 1467.4554, 0.5609375, 0.63125
l, 1520.6917, 0.315625, 0.6375
r, 1520.6917, 0.5609375, 0.63125
l, 1575.7121, 0.315625, 0.6375
r, 1575.7121, 0.5515625, 0.63125
l, 1630.0419, 0.315625, 0.6375
r, 1630.0419, 0.5609375, 0.63125
l, 1683.0546, 0.315625, 0.6375
r, 1683.0546, 0.5609375, 0.63125
l, 1736.0992, 0.315625, 0.6375
r, 1736.0992, 0.5609375, 0.629166666666667
l, 1790.6177, 0.3171875, 0.6375
r, 1790.6177, 0.5625, 0.629166666666667
l, 1840.5908, 0.3171875, 0.6375
r, 1840.5908, 0.553125, 0.629166666666667
l, 1894.6172, 0.31875, 0.6375
r, 1894.6172, 0.5625, 0.629166666666667
l, 1949.6469, 0.31875, 0.6375
r, 1949.6469, 0.5546875, 0.629166666666667
l, 2000.658, 0.3203125, 0.6375
r, 2000.658, 0.55625, 0.629166666666667
l, 2054.372, 0.3203125, 0.6375
r, 2054.372, 0.55625, 0.629166666666667
l, 2108.9778, 0.321875, 0.6375
r, 2108.9778, 0.55625, 0.629166666666667
l, 2164.5404, 0.3234375, 0.6375
r, 2164.5404, 0.5578125, 0.63125
l, 2218.5468, 0.3234375, 0.6375
r, 2218.5468, 0.55625, 0.63125
l, 2270.5394, 0.3234375, 0.6375
r, 2270.5394, 0.5578125, 0.63125
l, 2323.6238, 0.3234375, 0.6375
r, 2323.6238, 0.5578125, 0.63125
l, 2376.9788, 0.3234375, 0.6375
r, 2376.9788, 0.559375, 0.629166666666667
l, 2431.9957, 0.3234375, 0.6375
r, 2431.9957, 0.5578125, 0.63125
l, 2489.8232, 0.325, 0.6375
r, 2489.8232, 0.559375, 0.63125
l, 2544.4826, 0.325, 0.639583333333333
r, 2544.4826, 0.559375, 0.63125
l, 2597.4945, 0.325, 0.639583333333333
r, 2597.4945, 0.5609375, 0.629166666666667
l, 2655.5203, 0.3265625, 0.6375
r, 2655.5203, 0.559375, 0.63125
l, 2712.5317, 0.3265625, 0.639583333333333
r, 2712.5317, 0.5609375, 0.629166666666667
l, 2767.5535, 0.3265625, 0.6375
r, 2767.5535, 0.5609375, 0.629166666666667
l, 2823.704, 0.325, 0.6375
r, 2823.704, 0.5625, 0.629166666666667
l, 2887.8708, 0.321875, 0.629166666666667
r, 2887.8708, 0.553125, 0.622916666666667
l, 2945.1342, 0.3234375, 0.633333333333333
r, 2945.1342, 0.553125, 0.622916666666667
l, 2995.1525, 0.321875, 0.633333333333333
r, 2995.1525, 0.55625, 0.625
l, 3050.1743, 0.321875, 0.633333333333333
r, 3050.1743, 0.5578125, 0.625
l, 3101.1988, 0.321875, 0.633333333333333
r, 3101.1988, 0.55625, 0.625
l, 3165.0939, 0.321875, 0.633333333333333
r, 3165.0939, 0.55625, 0.625
l, 3220.0975, 0.321875, 0.633333333333333
r, 3220.0975, 0.5546875, 0.625
l, 3271.1093, 0.3203125, 0.633333333333333
r, 3271.1093, 0.5546875, 0.625
l, 3324.9084, 0.3203125, 0.633333333333333
r, 3324.9084, 0.5546875, 0.625
l, 3378.9399, 0.321875, 0.633333333333333
r, 3378.9399, 0.5671875, 0.625
l, 3435.9513, 0.321875, 0.633333333333333
r, 3435.9513, 0.5546875, 0.622916666666667
l, 3486.9716, 0.321875, 0.633333333333333
r, 3486.9716, 0.55625, 0.622916666666667
l, 3543.9837, 0.3203125, 0.63125
r, 3543.9837, 0.56875, 0.622916666666667
l, 3599.6535, 0.321875, 0.633333333333333
r, 3599.6535, 0.5546875, 0.622916666666667
l, 3654.4779, 0.3203125, 0.633333333333333
r, 3654.4779, 0.5515625, 0.625
l, 3705.4827, 0.3203125, 0.635416666666667
r, 3705.4827, 0.5640625, 0.627083333333333
l, 3759.5082, 0.3203125, 0.6375
r, 3759.5082, 0.55625, 0.627083333333333
l, 3814.5138, 0.3203125, 0.6375
r, 3814.5138, 0.5546875, 0.629166666666667
l, 3869.5261, 0.31875, 0.639583333333333
r, 3869.5261, 0.5609375, 0.629166666666667
l, 3924.5384, 0.31875, 0.639583333333333
r, 3924.5384, 0.5546875, 0.629166666666667
l, 3984.5521, 0.31875, 0.639583333333333
r, 3984.5521, 0.553125, 0.629166666666667
l, 4041.0733, 0.31875, 0.639583333333333
r, 4041.0733, 0.553125, 0.63125
l, 4097.3311, 0.3171875, 0.639583333333333
r, 4097.3311, 0.5515625, 0.63125
l, 4154.5268, 0.3171875, 0.641666666666667
r, 4154.5268, 0.5578125, 0.63125
l, 4211.1935, 0.3171875, 0.641666666666667
r, 4211.1935, 0.5515625, 0.633333333333333
l, 4272.4369, 0.315625, 0.641666666666667
r, 4272.4369, 0.5515625, 0.633333333333333
l, 4326.3136, 0.315625, 0.641666666666667
r, 4326.3136, 0.55625, 0.633333333333333
l, 4382.3628, 0.3171875, 0.641666666666667
r, 4382.3628, 0.5578125, 0.633333333333333
l, 4438.1796, 0.3171875, 0.641666666666667
r, 4438.1796, 0.5515625, 0.633333333333333
l, 4494.7469, 0.3171875, 0.64375
r, 4494.7469, 0.5515625, 0.633333333333333
l, 4548.1053, 0.3171875, 0.64375
r, 4548.1053, 0.5515625, 0.635416666666667
l, 4616.634, 0.31875, 0.64375
r, 4616.634, 0.5515625, 0.635416666666667
l, 4671.656, 0.31875, 0.64375
r, 4671.656, 0.5515625, 0.635416666666667
l, 4732.4392, 0.3171875, 0.64375
r, 4732.4392, 0.5515625, 0.635416666666667
l, 4788.1967, 0.3171875, 0.64375
r, 4788.1967, 0.55, 0.635416666666667
